rok	I	II	III	IV	V	VI	VII	VIII	IX	X	XI	XII
1901	31.5	40.9	59	83.1	27	104.9	90.4	192.6	67.8	48.2	81.9	76.8
1902	49.2	62.9	56.3	70.1	139.3	176.5	99	90.2	26.8	127.9	2.3	51.5
1903	42.5	33.9	13.6	100.5	72.3	171.2	111	86.9	16.4	61.5	113.3	37.2
1904	13.5	60.3	3.3	45.5	75	64.2	20.7	48.6	66.4	74.5	48.3	49.8
1905	46.2	26.6	12.3	72.8	74	99.5	52.7	55.2	82.4	112.5	56.9	33.5
1906	42.2	23.9	91.3	48.8	59	107.9	103.7	93.2	102.1	11.2	75.3	94.8
1907	75.5	24.3	52.3	59.1	58.3	161.2	98	41.2	72.1	27.9	39.6	86.8
1908	46.5	89.3	60.3	92.1	40	63.2	114.4	90.2	78.4	14.2	35.6	39.2
1909	60.5	34.6	65.3	51.5	100.3	147.2	68.4	54.2	107.4	20.9	50.3	70.5
1910	70.5	29.9	4	80.8	70	51.5	126.4	101.6	60.1	38.5	117.3	56.8
1911	42.5	46.6	36.3	97.8	76	65.2	43	120.9	37.4	38.9	45.9	41.2
1912	52.8	78.9	94	98.5	144	72.2	96.7	194.9	151.8	56.5	64.6	59.5
1913	30.8	17.3	36	72.1	66	61.9	220.4	260.2	164.1	28.2	43.6	70.8
1914	21.8	12.9	110.6	26.1	58	171.9	84.4	36.2	157.1	77.2	7.6	44.8
1915	105.8	50.6	77.3	65.8	43.6	44.2	133	95.6	177.4	72.2	96.6	100.8
1916	64.8	57.3	71.3	121.8	48.6	82.9	148.4	101.6	49.8	100.9	41.6	80.8
1917	44.5	16.6	47	54.5	49	71.5	68	75.6	31.1	35.5	50.6	24.5
1918	24.5	25.6	7.3	21.8	48	47.9	111.4	134.2	63.8	106.9	64.9	88.2
1919	21.5	38.9	114	110.5	135.3	82.5	100.7	66.2	21.4	80.9	95.3	44.8
1920	42.5	30.3	21.6	25.5	109.3	89.5	110	81.6	168.8	129.5	62.3	45.5
1921	36.8	21.6	9	51.5	99.6	121.9	44	60.6	31.1	33.2	79.6	20.2
1922	44.2	45.6	73	70.5	53.6	94.2	70.4	79.2	165.8	112.5	34.6	27.8
1923	54.2	48.6	10.6	65.5	32	126.2	42.7	42.9	65.1	129.5	118.3	39.2
1924	52.8	39.6	82.6	121.1	110	68.2	98.7	93.9	66.4	35.5	34.6	22.2
1925	24.5	52.6	46	60.8	129.6	131.2	148	180.6	111.4	49.5	60.3	76.2
1926	64.2	62.9	45	72.5	64.6	169.9	163.7	130.2	50.1	147.9	16.3	40.8
1927	70.5	41.9	43.6	132.5	104.3	147.5	91	241.2	91.4	26.2	101.6	18.8
1928	37.5	40.9	32.6	70.1	101.3	97.5	27	44.2	68.8	41.9	77.3	42.8
1929	46.5	28.9	22.3	42.8	49	70.5	86	92.6	61.4	85.2	38.9	44.8
1930	27.2	23.3	49.3	105.5	72	59.5	66.7	203.6	65.1	96.5	97.9	19.2
1931	58.8	18.3	57.6	44.1	44.6	90.9	62.4	151.6	160.1	87.9	37.9	50.5
1932	32.5	26.9	28.3	71.5	117.6	94.2	36.7	50.9	26.1	88.2	43.3	30.2
1933	14.5	48.3	32.3	53.1	69.3	174.2	86	119.2	84.1	99.9	86.3	20.8
1934	12.8	12.3	33.6	33.1	31.3	69.2	147	80.2	99.1	51.5	74.6	25.2
1935	15.2	60.3	27	107.1	85.6	71.2	63.4	84.2	92.8	94.9	20.9	58.2
1936	70.2	70.9	39.3	93.5	79	120.9	139.7	146.6	130.1	111.9	45.3	24.8
1937	48.5	41.9	115.6	63.8	7	81.2	61	169.6	85.4	14.2	78.9	64.8
1938	89.8	22.9	30	63.8	134	44.5	137.7	176.6	39.4	77.2	24.6	46.8
1939	28.5	19.3	65.3	16.8	137.3	47.5	108.7	77.2	46.4	138.9	44.6	24.5
1940	50.8	72.9	70.6	49.5	104.6	102.9	88	126.6	62.4	61.9	66.6	30.2
1941	48.2	49.9	77	79.8	147.6	100.2	124	131.9	95.1	109.9	46.3	43.8
1942	36.5	34.3	21	77.1	121	68.9	85.4	48.9	44.4	43.5	48.3	22.2
1943	19.2	42.6	11.6	35.8	73.6	112.9	114.7	26.2	105.4	0.5	75.9	56.8
1944	54.2	64.9	57	52.8	80.6	73.9	109.4	62.9	56.8	110.9	92.3	26.5
1945	25.8	30.9	29	78.5	100.6	67.2	111.7	119.2	87.8	50.9	49.3	36.2
1946	7.2	38.6	27.6	13.5	54.3	67.9	41.4	27.9	20.1	67.9	58.9	12.8
1947	26.8	88.3	64	73.5	4.6	61.9	56	96.9	39.4	17.5	87.3	64.8
1948	78.2	35.9	25	79.1	52.3	262.9	131	95.2	49.4	46.5	39.6	8.8
1949	20.5	14.3	36.3	61.1	146.3	117.9	170.7	55.9	68.4	7.5	78.9	90.5
1950	46.5	45.3	6	103.8	22	48.9	67.4	66.9	74.1	101.5	70.6	91.8
1951	35.8	57.9	78.3	60.8	118.3	113.2	36.4	109.2	114.4	2.2	35.6	31.2
1952	64.2	58.6	63.3	21.8	78	56.5	26	73.6	147.4	116.2	114.6	94.8
1953	58.5	34.3	12.3	31.1	58.3	131.9	120.7	152.6	60.1	18.9	51.9	7.2
1954	22.8	10.3	34.6	64.1	87	116.5	110.4	45.9	66.4	30.9	40.3	79.5
1955	73.8	70.3	44	46.8	78.6	136.2	138	176.9	25.8	100.5	20.3	85.8
1956	23.8	46.9	34	28.8	45.6	69.9	63.4	64.6	34.4	38.2	46.6	62.8
1957	26.8	68.3	25	44.5	93.6	75.5	109	104.6	70.8	13.9	14.3	35.8
1958	66.2	61.6	57	61.8	35	87.9	63.7	114.6	55.4	51.9	75.3	74.2
1959	44.5	8.3	12.3	58.1	43	116.5	81	93.2	17.1	10.9	25.9	117.8
1960	41.8	35.9	16.6	60.5	89	219.2	160.4	103.2	49.4	98.2	78.3	70.5
1961	22.2	24.6	18	38.5	52.6	65.9	97.7	33.9	12.4	23.5	61.9	55.5
1962	48.2	49.9	66.3	37.8	103.3	87.9	99.7	73.9	41.8	7.2	93.6	41.5
1963	42.5	64.6	39.6	39.1	55	68.9	74.7	50.6	61.4	55.9	43.3	25.5
1964	8.5	62.3	89	56.8	45	101.5	47.7	83.9	59.4	67.5	58.6	93.8
1965	61.8	30.6	57	60.8	76.6	131.2	171.4	107.9	64.1	10.2	99.3	72.8
1966	45.5	76.6	48.3	55.1	93	132.9	103.7	118.9	52.8	113.2	87.9	85.2
1967	69.8	43.3	79.3	69.8	86.3	102.2	47.4	78.6	42.8	63.5	27.9	79.2
1968	52.5	74.6	33	37.8	68.6	85.9	152.7	95.2	125.1	60.5	71.9	34.8
1969	14.2	54.3	32.6	50.1	61.6	101.9	75	110.6	5.1	28.5	53.9	36.8
1970	60.5	46.6	72.6	96.8	103	95.9	136.4	86.6	53.8	38.2	71.6	73.5
1971	46.2	32.9	30.3	62.5	56.3	120.2	48	47.6	59.1	25.2	52.6	40.8
1972	28.8	20.6	14.6	54.1	118.3	95.2	69	102.2	100.1	29.9	43.6	1.5
1973	5.8	49.3	4.6	39.1	54.6	127.9	123.4	40.9	41.1	50.2	35.9	28.2
1974	30.2	46.9	0	24.5	81.6	216.5	120.7	95.6	54.1	178.5	49.9	67.5
1975	17.8	7.6	44	102.5	110	143.2	181.4	105.9	59.8	100.9	15.9	52.2
1976	73.5	0.9	53	43.8	133	50.9	113	42.2	153.1	50.9	49.3	71.5
1977	60.2	93.6	66.3	74.8	39.3	80.5	134.4	99.6	75.4	9.2	70.3	31.2
1978	39.8	30.9	21	76.8	141	97.5	95.7	118.2	56.1	38.2	21.9	79.8
1979	97.2	29.3	71	83.8	40.6	72.9	85.7	153.9	23.1	34.9	84.3	54.2
1980	21.2	30.3	79.3	74.1	62.3	230.2	193.7	153.2	55.1	125.2	97.3	38.8
1981	39.2	19.9	57.6	17.5	76	89.5	143.4	97.2	49.1	55.5	36.6	100.8
1982	43.2	17.9	14	47.1	38.3	102.9	89.7	57.9	97.1	65.5	32.6	82.8
1983	59.8	40.3	75.6	63.8	101.6	93.2	95	64.6	65.8	41.5	43.9	19.2
1984	35.5	33.6	31.6	20.5	131.6	119.5	100.7	54.6	109.4	53.5	42.3	33.5
1985	39.2	46.6	55.6	86.8	106.3	122.2	77	133.9	53.4	33.9	82.9	80.5
1986	70.5	25.3	19.6	54.1	74	77.5	94	90.6	12.8	35.5	19.3	59.2
1987	51.5	15.6	77.3	40.1	116.6	87.5	49.7	83.9	68.1	37.5	50.6	74.2
1988	52.5	65.6	70	49.8	65	81.2	75.7	78.9	99.4	25.9	32.9	75.8
1989	18.2	36.3	29	86.8	120.6	168.9	61.4	133.2	57.8	37.9	44.9	17.8
1990	21.8	34.6	16.6	79.1	63	79.2	110.7	59.9	108.1	64.9	63.9	55.8
1991	24.2	53.3	22.3	58.5	78.3	75.2	54.7	97.2	56.8	95.9	56.3	41.2
1992	39.2	31.6	32	55.8	56.6	77.9	75.7	45.6	90.1	117.5	76.6	33.5
1993	26.5	32.3	41.6	30.5	83	83.5	87.7	52.6	66.4	41.2	37.9	68.8
1994	42.8	40.9	64.6	71.1	71.3	68.2	26.7	110.2	99.4	68.9	44.3	62.2
1995	37.5	68.6	46.6	85.5	48	103.9	21.4	73.9	108.8	15.5	45.6	46.5
1996	24.5	39.6	19.9	48.5	109	33.9	67.4	99.9	147.8	72.2	20.6	48.8
1997	13.2	38.6	13.9	56.2	152.7	87.2	177.7	68.9	43.4	55.9	83	60.8
1998	27.8	21.6	35.3	130.5	96.7	163.6	116.4	97.6	98.1	92.9	74.3	52.2
1999	27.8	89.1	21.3	66.5	34.3	100.8	102.8	143	37.9	33.5	79.3	73.2
2000	45	54.9	83.2	76	47.6	32.2	145.7	17.6	96.5	0.4	40.9	59.8
