rok	I	II	III	IV	V	VI	VII	VIII	IX	X	XI	XII
1901	27.8	7.1	74.3	102.5	48.7	204.2	138.5	110.4	46.3	55.3	53.1	70.2
1902	37.2	48.1	59.8	48.5	110.6	215.7	144.2	108.7	45.7	153.5	0	52.9
1903	28.7	49.3	20.3	112	52.1	162.8	255.3	127.1	34.8	84.9	76.7	24.1
1904	15.8	48.9	8	51.5	63.4	80	42.8	122.3	97.3	86.2	70.4	63.3
1905	32.6	22	25.7	73.3	109.8	161.2	153.9	184.9	76.6	95.6	58.2	26.3
1906	22.4	33.8	123.5	27	89.6	178.1	211.2	105.8	139.4	14.1	46.4	72.5
1907	64.4	21.5	67.6	54.6	58.9	170.5	144.5	105.2	59.6	11.2	46.7	78.1
1908	27.5	60.4	79	77.3	109.6	105.6	273	190.7	60.4	12.9	17.1	23.3
1909	29	50.8	38.3	60.6	179.8	211.6	179.9	79.3	117.3	56.1	46.5	52.1
1910	43.3	22.2	23.8	69.4	107.9	125.1	154.8	110.8	194.2	36.2	90.2	67.2
1911	37	64.9	31.5	53.4	112.3	67.6	40.9	62.8	94	36.6	49.6	59.1
1912	41.4	57.4	67	120.5	248	183.8	97.9	115.3	175.7	107.6	50.9	37.5
1913	21.6	7.5	38.2	72.5	88.9	81.6	194.3	225.3	95.8	20.3	52	62.3
1914	10.6	7.8	57.6	46.5	145.6	112.5	148.1	81.3	177.6	70.5	13.5	57.3
1915	73.8	15.5	69.6	77.6	89.7	70.2	138.5	192.4	145.2	89.6	60.8	62
1916	85.1	46.1	58.1	141.5	75.3	141.2	109	94.2	90.6	70.9	29.2	49.6
1917	64.7	25.7	46.1	89.3	53.8	55	89.3	76.4	39.6	80.3	74.5	48.4
1918	20.8	32.8	13.3	28.2	41.9	117	155.2	182.3	70.6	115.5	32.5	71.4
1919	25.2	23.2	91.7	69.6	241.6	125.7	142.5	101.6	52.5	120.9	73.2	43.4
1920	68.2	44.4	46.1	43.6	87.6	119.5	230	100.7	61.7	15.8	3.4	27.6
1921	53.5	37.2	5	73.6	68	57.1	82.6	112.1	29.4	46.8	58.7	30.9
1922	68.2	20.9	78.7	79	38.7	94.2	138.3	62.3	146.4	149.4	53.4	26.1
1923	51.8	53.9	33.7	64.4	45	130.5	60.1	110.2	66.2	128.3	118.4	42
1924	30.6	48.9	34.2	63.8	160.8	142.2	172.2	74.8	90.5	24.7	41.6	8
1925	24.8	18.9	42.1	45.1	71.8	293.6	173.6	162.6	75.4	44.6	44.5	44
1926	29.8	27	62	80.2	85.6	224.8	163.8	103.5	40.5	159.3	33.7	49
1927	63.8	16.5	82.1	91.7	54.2	134.6	152.5	159.7	99.7	20.5	70.4	22
1928	40.4	37.1	27.9	54.4	125.3	65.9	35.6	91.3	93.9	34.8	64.5	48.3
1929	46.2	21.5	29.6	68.7	131.1	145.7	114.9	134.6	36	61.5	46	41.9
1930	28.2	47.4	46	135.6	40.6	33.1	101.5	118.5	145	122.3	91.1	27.4
1931	39.7	35.3	72.6	59.8	35	100.9	88.6	217.7	147.8	78.5	26.6	36.9
1932	34.1	21.4	25	51.8	107.3	90.7	111.5	84.5	58.5	71.4	20.2	14.7
1933	18.2	47.3	15.9	35.2	69.3	213.5	181.3	56.6	92.8	79.1	64.6	25.4
1934	13	17.3	37.2	23.5	33.4	152.4	233.3	91.2	117.7	96.8	86	24.5
1935	18.6	50.8	43.9	98.2	103.9	71	98	129.8	111.2	75.8	41.5	67.5
1936	48.7	78.7	34.8	62.5	55.3	87.8	200.1	107.4	160.3	181.3	30.4	41.1
1937	47.8	37.3	110.9	134.2	114.4	136.9	93.9	156.9	99.3	11.2	115.9	46.6
1938	65	19.3	49.5	80.4	108.2	104.6	182.8	213.7	55.9	84.1	14.6	44
1939	50.5	31.2	80.1	25.4	202	105.8	112.9	68.5	72.7	175.1	69.5	23.1
1940	36.8	44.1	45.7	43.2	208.2	110.8	152.1	147.5	59	80.7	94.1	46.6
1941	52	40.3	74.1	109.2	105.9	118.8	101.7	143.6	26.5	76.3	44.5	63.5
1942	34.5	22.9	16.9	89.1	70.4	128.8	111.8	90.7	35.8	39.9	53.7	20.3
1943	33.4	30.5	23.5	41.8	67.7	140.6	179.1	86.7	58.4	2.5	51.1	39.6
1944	52.1	59.2	51.2	24.1	83.8	128.6	99.9	67.7	41.4	102.6	77.7	20.5
1945	36.4	46.9	43.5	68.2	118.4	105.6	131.5	114.4	105.5	39.5	43.4	45
1946	16.5	93.3	52.2	18	47.2	202.4	140.7	85.7	23.6	73.4	76.4	27.6
1947	35.8	98.5	54.9	62.2	30	113.4	135.5	107.5	53.2	12.4	83.1	74.2
1948	61	55.4	21.7	63	73.7	192.8	114.3	45.9	86.2	69.9	28.4	13.4
1949	37.4	24.4	59.5	53.5	93.1	130.8	150.3	131.8	131.8	12.8	94.9	57.3
1950	60.7	25.4	13.2	86.5	50.1	68.2	76.9	92.1	118.5	87.5	77.5	54.3
1951	50.6	28	85.1	75.3	158.9	122.7	76.9	75.7	62	0.1	43.5	46
1952	83.3	107.3	69.5	32.3	73.1	117.8	68.1	68.3	136.6	128.6	114.6	33.6
1953	87.4	32.7	42.8	72.5	91.8	124.6	128.1	108.8	75.7	31.4	32.6	22.7
1954	37.1	4.3	31.6	93.3	64.2	114.6	103.1	83.2	46.2	37.5	31.7	97.7
1955	29.7	39.4	41.8	92.2	77.9	169.8	167	193.2	68.5	87.1	28.4	42.4
1956	20.4	38.4	53.7	40.7	65.3	169.5	70.9	91.9	48.5	63.2	55.4	42.7
1957	32.1	47	53.6	75.4	73.4	69.7	185.6	100.6	83.9	29.4	30.1	27.6
1958	42.7	54.7	89.1	68.5	59.2	202.4	117.6	141.9	68.6	88.5	43.6	44.1
1959	67	11.9	44.9	83.7	64.3	207.6	172.5	82.2	19.3	30.7	27.7	76.4
1960	47.1	21.9	34.9	82.1	99.6	182.9	334.6	139.7	55.8	36.8	67.6	55.7
1961	22.5	35.7	56.8	24.1	121.9	121.8	164	87.8	21.8	37.5	92.5	86
1962	42	74	59	106.2	153.9	143.2	184.1	51.6	71.3	13.5	125.7	55.6
1963	49	38.1	23.8	52.5	97.7	96.1	110	128.1	134.9	104.7	49.6	20.9
1964	13.6	57	63.8	57	64.4	135.8	105.8	152.5	73.8	112.6	103.1	53.1
1965	66.1	58.5	56.3	63.5	137.4	217.2	108.8	179.4	95.5	9.1	50.9	44.3
1966	41.4	95.8	64.1	92.4	180	147	183	143.9	36.9	62.6	70.5	71.7
1967	52.6	49.1	63.8	88.8	98.1	144.4	99.9	122.3	63.5	77.8	37	66.5
1968	51.5	27.9	30.1	73.4	120.1	159.7	189.3	145.1	91.7	52.2	40.1	25.3
1969	30.1	48.5	34.2	32.2	80.8	156.9	110.2	176.5	14.3	43.9	52.6	49
1970	53.2	63.4	43.1	80.6	87.2	155.4	258.5	144.9	49.7	56.4	59.8	68.1
1971	13.3	43.1	52	52.3	78.9	148.7	129.8	92.7	68.8	33.7	48	67.1
1972	32.1	18.1	22.7	130.5	116.1	152.6	178.7	213.5	78.6	29.6	44.5	2.9
1973	37.5	66.4	26.2	64.6	61.3	201.7	139.2	49.1	66.7	28.7	40.4	35.1
1974	69	24.1	1.5	41.3	108.4	219.5	158.2	129.6	82.3	143.5	39.6	68.3
1975	23.8	23	63.2	81.1	96.7	186.8	159.8	99.7	53.6	86.8	18.9	44.3
1976	105.8	0	45.2	43.5	128.4	69.2	99.2	76.9	129.5	39.6	66.9	58.4
1977	57.8	81.9	76.3	81	48.9	116.8	132.3	124.5	86.8	12.8	65.4	36.5
1978	14.3	22.7	39.3	91.6	135.4	124.7	91.7	156.4	94	60.4	43.2	35.4
1979	87.5	20.5	55.1	77.6	74.6	139.6	97.1	107.9	67.3	62.8	75.2	54
1980	22.7	29.4	34.8	89.4	71	118.8	212.8	107.3	76.7	156.6	62.2	44.9
1981	35.7	25.5	59.1	29.2	97.4	128.6	122.3	143.5	89.9	77.2	78.6	76.5
1982	45	17.1	15.9	57.3	56.6	108.6	155.5	65.3	57.9	23.8	41.8	106.2
1983	58.8	46.3	76.6	39.5	62.8	142.2	132.5	79.3	83	58.2	22.2	16.2
1984	47.7	18.2	38.8	42.8	119.9	125	106.7	71.2	119.6	48.3	24.8	20.5
1985	25.4	48	44.5	77.2	107.9	180.7	133.9	241.6	26.9	60.1	56.4	61.6
1986	57.6	17.5	19.7	35.4	127.8	157.5	97	128.2	32.6	30.5	12.6	70.7
1987	64.8	15.9	61.1	58.1	163.1	112.4	78	90.9	108.2	41.3	64.4	74.4
1988	26.6	53.9	64	45	75.2	101	114.6	104.6	77.5	17.7	45.1	70
1989	17.2	34.3	47.6	110.1	143.6	236.8	122	114.9	66.2	55.5	52.8	19.2
1990	20.7	37.3	37.9	112.6	84.8	82	94.8	99.4	156.2	43.7	77.9	27.1
1991	9.4	39.5	20.3	67.3	105.1	118.4	129.2	118.2	59.9	81.6	70.7	43.6
1992	40	36.8	51	77.4	76.4	133.7	134.1	98.8	92.8	89.2	46.1	40.2
1993	41	29.3	46.2	41.4	75.3	109.5	121.7	86.2	54.6	45.2	32.7	37.6
1994	69.6	10.8	89.3	153.1	106.7	76.1	47.3	89.7	104.5	106.7	28.2	41.6
1995	34	49.8	64.3	79.5	98.4	176.2	74.1	157.5	114.6	10.6	31.5	47.7
1996	43.1	23.2	31.6	91.6	196	97.6	117.1	243.7	123.6	31.3	46.5	23.7
1997	32.3	49.1	25.7	34.1	72.2	137.6	273.8	81.6	62.8	61.6	73.3	36.1
1998	42.4	39.3	32.5	114.6	63.4	159.5	131.5	65.3	105.8	135.3	39.2	23.4
1999	41.6	66.5	35.2	83.8	52.1	244.7	189.3	71.8	41.3	89.1	39.3	42.8
2000	45	50.5	108.6	61.8	98.3	127.5	241.7	48.8	46	17.5	59.5	56.7
