   0.0000000e+00   7.0133333e+01   7.0010077e+01
   5.0000000e-03   7.0066667e+01   7.2643734e+01
   1.0000000e-02   6.9933333e+01   7.0522488e+01
   1.5000000e-02   6.9666667e+01   6.7476813e+01
   2.0000000e-02   6.9466667e+01   6.9651915e+01
   2.5000000e-02   6.9266667e+01   7.1513465e+01
   3.0000000e-02   6.9066667e+01   7.0665559e+01
   3.5000000e-02   6.8933333e+01   6.6872934e+01
   4.0000000e-02   6.8800000e+01   6.7160716e+01
   4.5000000e-02   6.8666667e+01   7.0246130e+01
   5.0000000e-02   6.8533333e+01   7.0755188e+01
   5.5000000e-02   6.8400000e+01   6.7394218e+01
   6.0000000e-02   6.8466667e+01   6.7555763e+01
   6.5000000e-02   6.8533333e+01   6.9108189e+01
   7.0000000e-02   6.8666667e+01   7.0915598e+01
   7.5000000e-02   6.8800000e+01   6.8572015e+01
   8.0000000e-02   6.8933333e+01   6.7507262e+01
   8.5000000e-02   6.9066667e+01   6.8758941e+01
   9.0000000e-02   6.9266667e+01   7.1260743e+01
   9.5000000e-02   6.9466667e+01   6.9087202e+01
   1.0000000e-01   6.9666667e+01   6.7971074e+01
   1.0500000e-01   6.9866667e+01   6.9190139e+01
   1.1000000e-01   7.0000000e+01   7.1983377e+01
   1.1500000e-01   7.0133333e+01   7.1353682e+01
   1.2000000e-01   7.0266667e+01   6.8444066e+01
   1.2500000e-01   7.0400000e+01   6.9281528e+01
   1.3000000e-01   7.0600000e+01   7.3130403e+01
   1.3500000e-01   7.0733333e+01   7.2006777e+01
   1.4000000e-01   7.0866667e+01   7.0283104e+01
   1.4500000e-01   7.1000000e+01   6.8885990e+01
   1.5000000e-01   7.1133333e+01   7.1277916e+01
   1.5500000e-01   7.1266667e+01   7.2707118e+01
   1.6000000e-01   7.1400000e+01   7.1434454e+01
   1.6500000e-01   7.1533333e+01   6.9527899e+01
   1.7000000e-01   7.1600000e+01   7.1823550e+01
   1.7500000e-01   7.1666667e+01   7.3489775e+01
   1.8000000e-01   7.1666667e+01   7.1585140e+01
   1.8500000e-01   7.1666667e+01   6.9667860e+01
   1.9000000e-01   7.1666667e+01   7.0858417e+01
   1.9500000e-01   7.1600000e+01   7.3538942e+01
   2.0000000e-01   7.1533333e+01   7.2092389e+01
   2.0500000e-01   7.1333333e+01   6.8919110e+01
   2.1000000e-01   7.1133333e+01   6.9831629e+01
   2.1500000e-01   7.0866667e+01   7.1712397e+01
   2.2000000e-01   7.0600000e+01   7.2114743e+01
   2.2500000e-01   7.0266667e+01   6.9573481e+01
   2.3000000e-01   6.9933333e+01   6.8014068e+01
   2.3500000e-01   6.9533333e+01   7.0086053e+01
   2.4000000e-01   6.9133333e+01   7.1722274e+01
   2.4500000e-01   6.8733333e+01   6.8981790e+01
   2.5000000e-01   6.8333333e+01   6.6293350e+01
   2.5500000e-01   6.8000000e+01   6.7640712e+01
   2.6000000e-01   6.7666667e+01   6.9087275e+01
   2.6500000e-01   6.7266667e+01   6.7931268e+01
   2.7000000e-01   6.6933333e+01   6.6266742e+01
   2.7500000e-01   6.6600000e+01   6.6143129e+01
   2.8000000e-01   6.6400000e+01   6.8227097e+01
   2.8500000e-01   6.6200000e+01   6.6948272e+01
   2.9000000e-01   6.6066667e+01   6.4075759e+01
   2.9500000e-01   6.5933333e+01   6.4137772e+01
   3.0000000e-01   6.5866667e+01   6.5168409e+01
   3.0500000e-01   6.5800000e+01   6.7766082e+01
   3.1000000e-01   6.5800000e+01   6.5611013e+01
   3.1500000e-01   6.5866667e+01   6.4032374e+01
   3.2000000e-01   6.5933333e+01   6.6240025e+01
   3.2500000e-01   6.6000000e+01   6.8607878e+01
   3.3000000e-01   6.6066667e+01   6.5642455e+01
   3.3500000e-01   6.6133333e+01   6.3833558e+01
   3.4000000e-01   6.6266667e+01   6.6412126e+01
   3.4500000e-01   6.6400000e+01   6.8334339e+01
   3.5000000e-01   6.6533333e+01   6.6918238e+01
   3.5500000e-01   6.6600000e+01   6.5195921e+01
   3.6000000e-01   6.6733333e+01   6.5612266e+01
   3.6500000e-01   6.6866667e+01   6.9184069e+01
   3.7000000e-01   6.7000000e+01   6.8058760e+01
   3.7500000e-01   6.7200000e+01   6.5408098e+01
   3.8000000e-01   6.7400000e+01   6.5507256e+01
   3.8500000e-01   6.7666667e+01   6.9026035e+01
   3.9000000e-01   6.7866667e+01   7.0292303e+01
   3.9500000e-01   6.8133333e+01   6.7515056e+01
   4.0000000e-01   6.8400000e+01   6.6843552e+01
   4.0500000e-01   6.8733333e+01   6.9723917e+01
   4.1000000e-01   6.9066667e+01   7.0945731e+01
   4.1500000e-01   6.9466667e+01   6.9811483e+01
   4.2000000e-01   6.9866667e+01   6.7771785e+01
   4.2500000e-01   7.0333333e+01   7.0992402e+01
   4.3000000e-01   7.0800000e+01   7.2933725e+01
   4.3500000e-01   7.1266667e+01   7.1765722e+01
   4.4000000e-01   7.1733333e+01   6.9917549e+01
   4.4500000e-01   7.2266667e+01   7.0923348e+01
   4.5000000e-01   7.2733333e+01   7.3497091e+01
   4.5500000e-01   7.3200000e+01   7.4720773e+01
   4.6000000e-01   7.3666667e+01   7.2447875e+01
   4.6500000e-01   7.4133333e+01   7.2787464e+01
   4.7000000e-01   7.4533333e+01   7.5083176e+01
   4.7500000e-01   7.5000000e+01   7.6307948e+01
   4.8000000e-01   7.5400000e+01   7.4490857e+01
   4.8500000e-01   7.5800000e+01   7.3331765e+01
   4.9000000e-01   7.6133333e+01   7.7860111e+01
   4.9500000e-01   7.6466667e+01   7.8648002e+01
   5.0000000e-01   7.6733333e+01   7.6420293e+01
   5.0500000e-01   7.7066667e+01   7.5254311e+01
   5.1000000e-01   7.7333333e+01   7.7556018e+01
   5.1500000e-01   7.7600000e+01   7.9842255e+01
   5.2000000e-01   7.7800000e+01   7.9091358e+01
   5.2500000e-01   7.8000000e+01   7.6369908e+01
   5.3000000e-01   7.8200000e+01   7.6354083e+01
   5.3500000e-01   7.8333333e+01   7.9591960e+01
   5.4000000e-01   7.8466667e+01   8.0384520e+01
   5.4500000e-01   7.8600000e+01   7.7140246e+01
   5.5000000e-01   7.8666667e+01   7.7258594e+01
   5.5500000e-01   7.8733333e+01   7.9947503e+01
   5.6000000e-01   7.8800000e+01   8.0062749e+01
   5.6500000e-01   7.8866667e+01   7.8361640e+01
   5.7000000e-01   7.8933333e+01   7.6810259e+01
   5.7500000e-01   7.9000000e+01   7.8612689e+01
   5.8000000e-01   7.9000000e+01   8.1187460e+01
   5.8500000e-01   7.9000000e+01   7.8569030e+01
   5.9000000e-01   7.9000000e+01   7.6854538e+01
   5.9500000e-01   7.9000000e+01   7.7970629e+01
   6.0000000e-01   7.9000000e+01   8.0588119e+01
   6.0500000e-01   7.9000000e+01   8.0081053e+01
   6.1000000e-01   7.8933333e+01   7.7931501e+01
   6.1500000e-01   7.8866667e+01   7.7150254e+01
   6.2000000e-01   7.8800000e+01   8.0572654e+01
   6.2500000e-01   7.8733333e+01   8.0329102e+01
   6.3000000e-01   7.8666667e+01   7.8004157e+01
   6.3500000e-01   7.8600000e+01   7.7476068e+01
   6.4000000e-01   7.8533333e+01   7.8902980e+01
   6.4500000e-01   7.8466667e+01   8.0242554e+01
   6.5000000e-01   7.8400000e+01   7.8385861e+01
   6.5500000e-01   7.8333333e+01   7.6712022e+01
   6.6000000e-01   7.8266667e+01   7.9300026e+01
   6.6500000e-01   7.8200000e+01   8.0813908e+01
   6.7000000e-01   7.8133333e+01   7.9491629e+01
   6.7500000e-01   7.8066667e+01   7.4793811e+01
   6.8000000e-01   7.8066667e+01   7.7453537e+01
   6.8500000e-01   7.8133333e+01   7.9747624e+01
   6.9000000e-01   7.8200000e+01   7.8335104e+01
   6.9500000e-01   7.8266667e+01   7.6234630e+01
   7.0000000e-01   7.8333333e+01   7.7830463e+01
   7.0500000e-01   7.8400000e+01   8.0023259e+01
   7.1000000e-01   7.8466667e+01   8.0346658e+01
   7.1500000e-01   7.8533333e+01   7.8129068e+01
   7.2000000e-01   7.8600000e+01   7.6711319e+01
   7.2500000e-01   7.8666667e+01   7.9383279e+01
   7.3000000e-01   7.8733333e+01   8.0033959e+01
   7.3500000e-01   7.8800000e+01   7.8029742e+01
   7.4000000e-01   7.8866667e+01   7.6635681e+01
   7.4500000e-01   7.8933333e+01   7.8936682e+01
   7.5000000e-01   7.9000000e+01   8.0824456e+01
   7.5500000e-01   7.9000000e+01   7.8853335e+01
   7.6000000e-01   7.9000000e+01   7.6388718e+01
   7.6500000e-01   7.9000000e+01   7.8169438e+01
   7.7000000e-01   7.9066667e+01   8.0965378e+01
   7.7500000e-01   7.9133333e+01   7.9498958e+01
   7.8000000e-01   7.9200000e+01   7.7784500e+01
   7.8500000e-01   7.9266667e+01   7.7976655e+01
   7.9000000e-01   7.9333333e+01   8.0635709e+01
   7.9500000e-01   7.9400000e+01   8.1397436e+01
   8.0000000e-01   7.9466667e+01   7.9533670e+01
   8.0500000e-01   7.9533333e+01   7.8212126e+01
   8.1000000e-01   7.9600000e+01   8.0811486e+01
   8.1500000e-01   7.9666667e+01   8.1571203e+01
   8.2000000e-01   7.9733333e+01   7.9355898e+01
   8.2500000e-01   7.9800000e+01   7.8133705e+01
   8.3000000e-01   7.9866667e+01   7.9690994e+01
   8.3500000e-01   7.9933333e+01   8.1256197e+01
   8.4000000e-01   8.0000000e+01   8.0410369e+01
   8.4500000e-01   8.0066667e+01   7.7823292e+01
   8.5000000e-01   8.0133333e+01   7.9811534e+01
   8.5500000e-01   8.0200000e+01   8.1576500e+01
   8.6000000e-01   8.0200000e+01   8.0578875e+01
   8.6500000e-01   8.0200000e+01   7.7877052e+01
   8.7000000e-01   8.0200000e+01   7.9048670e+01
   8.7500000e-01   8.0200000e+01   8.2591137e+01
   8.8000000e-01   8.0200000e+01   8.1931070e+01
   8.8500000e-01   8.0200000e+01   7.9411721e+01
   8.9000000e-01   8.0200000e+01   7.8565876e+01
   8.9500000e-01   8.0133333e+01   8.1019613e+01
   9.0000000e-01   8.0066667e+01   8.3059534e+01
   9.0500000e-01   8.0000000e+01   7.9189666e+01
   9.1000000e-01   7.9933333e+01   7.7882601e+01
   9.1500000e-01   7.9866667e+01   7.9563670e+01
   9.2000000e-01   7.9733333e+01   8.2162451e+01
   9.2500000e-01   7.9600000e+01   8.0065370e+01
   9.3000000e-01   7.9400000e+01   7.7324006e+01
   9.3500000e-01   7.9266667e+01   7.8919393e+01
   9.4000000e-01   7.9133333e+01   8.0355071e+01
   9.4500000e-01   7.9000000e+01   8.0036534e+01
   9.5000000e-01   7.8866667e+01   7.7295802e+01
   9.5500000e-01   7.8666667e+01   7.8100148e+01
   9.6000000e-01   7.8466667e+01   8.0174773e+01
   9.6500000e-01   7.8266667e+01   7.9795580e+01
   9.7000000e-01   7.8133333e+01   7.6322379e+01
   9.7500000e-01   7.8000000e+01   7.5484265e+01
   9.8000000e-01   7.7866667e+01   7.8918892e+01
   9.8500000e-01   7.7733333e+01   7.9236108e+01
   9.9000000e-01   7.7600000e+01   7.7131733e+01
   9.9500000e-01   7.7466667e+01   7.5109623e+01
   1.0000000e+00   7.7333333e+01   7.7480588e+01
   1.0050000e+00   7.7266667e+01   7.9324644e+01
   1.0100000e+00   7.7200000e+01   7.8410062e+01
   1.0150000e+00   7.7133333e+01   7.6058322e+01
   1.0200000e+00   7.7066667e+01   7.6850729e+01
   1.0250000e+00   7.6933333e+01   7.9222674e+01
   1.0300000e+00   7.6866667e+01   7.7309448e+01
   1.0350000e+00   7.6800000e+01   7.5943929e+01
   1.0400000e+00   7.6733333e+01   7.4873391e+01
   1.0450000e+00   7.6666667e+01   7.7165450e+01
   1.0500000e+00   7.6600000e+01   7.9819730e+01
   1.0550000e+00   7.6533333e+01   7.5588285e+01
   1.0600000e+00   7.6466667e+01   7.4266592e+01
   1.0650000e+00   7.6400000e+01   7.7126162e+01
   1.0700000e+00   7.6266667e+01   7.8253368e+01
   1.0750000e+00   7.6133333e+01   7.4725497e+01
   1.0800000e+00   7.6000000e+01   7.3714868e+01
   1.0850000e+00   7.5866667e+01   7.6053251e+01
   1.0900000e+00   7.5733333e+01   7.7744283e+01
   1.0950000e+00   7.5533333e+01   7.5143766e+01
   1.1000000e+00   7.5400000e+01   7.3189162e+01
   1.1050000e+00   7.5266667e+01   7.4313676e+01
   1.1100000e+00   7.5133333e+01   7.6919431e+01
   1.1150000e+00   7.5000000e+01   7.5190889e+01
   1.1200000e+00   7.4866667e+01   7.3440305e+01
   1.1250000e+00   7.4666667e+01   7.4028552e+01
   1.1300000e+00   7.4466667e+01   7.4972908e+01
   1.1350000e+00   7.4266667e+01   7.6047067e+01
   1.1400000e+00   7.4066667e+01   7.3816965e+01
   1.1450000e+00   7.3866667e+01   7.2155196e+01
   1.1500000e+00   7.3666667e+01   7.4597910e+01
   1.1550000e+00   7.3466667e+01   7.5202594e+01
   1.1600000e+00   7.3200000e+01   7.2911211e+01
   1.1650000e+00   7.2933333e+01   7.0273217e+01
   1.1700000e+00   7.2666667e+01   7.2551278e+01
   1.1750000e+00   7.2400000e+01   7.4075925e+01
   1.1800000e+00   7.2133333e+01   7.2281620e+01
   1.1850000e+00   7.1866667e+01   7.0673614e+01
   1.1900000e+00   7.1533333e+01   7.0634324e+01
   1.1950000e+00   7.1200000e+01   7.3195535e+01
   1.2000000e+00   7.0933333e+01   7.2269781e+01
   1.2050000e+00   7.0666667e+01   6.8628811e+01
   1.2100000e+00   7.0333333e+01   6.7956511e+01
   1.2150000e+00   7.0000000e+01   7.0541824e+01
   1.2200000e+00   6.9733333e+01   7.1658379e+01
   1.2250000e+00   6.9466667e+01   6.8496954e+01
   1.2300000e+00   6.9200000e+01   6.7690268e+01
   1.2350000e+00   6.9000000e+01   6.9306608e+01
   1.2400000e+00   6.8800000e+01   7.0187338e+01
   1.2450000e+00   6.8666667e+01   6.8484355e+01
   1.2500000e+00   6.8533333e+01   6.7094029e+01
   1.2550000e+00   6.8466667e+01   6.8495025e+01
   1.2600000e+00   6.8466667e+01   7.0256274e+01
   1.2650000e+00   6.8533333e+01   6.8832388e+01
   1.2700000e+00   6.8666667e+01   6.7426585e+01
   1.2750000e+00   6.8800000e+01   6.8364717e+01
   1.2800000e+00   6.9000000e+01   7.0553734e+01
   1.2850000e+00   6.9266667e+01   6.9762929e+01
   1.2900000e+00   6.9600000e+01   6.7778694e+01
   1.2950000e+00   6.9933333e+01   6.8586570e+01
   1.3000000e+00   7.0266667e+01   7.0952908e+01
   1.3050000e+00   7.0666667e+01   7.2199722e+01
   1.3100000e+00   7.1066667e+01   7.0120146e+01
   1.3150000e+00   7.1466667e+01   6.9241335e+01
   1.3200000e+00   7.1866667e+01   7.2095388e+01
   1.3250000e+00   7.2266667e+01   7.4212130e+01
   1.3300000e+00   7.2600000e+01   7.2277004e+01
   1.3350000e+00   7.2866667e+01   7.0123463e+01
   1.3400000e+00   7.3133333e+01   7.3174944e+01
   1.3450000e+00   7.3333333e+01   7.4904083e+01
   1.3500000e+00   7.3533333e+01   7.4699504e+01
   1.3550000e+00   7.3666667e+01   7.1567510e+01
   1.3600000e+00   7.3800000e+01   7.2683494e+01
   1.3650000e+00   7.3866667e+01   7.6247504e+01
   1.3700000e+00   7.3933333e+01   7.5315871e+01
   1.3750000e+00   7.4000000e+01   7.2343061e+01
   1.3800000e+00   7.4000000e+01   7.1992303e+01
   1.3850000e+00   7.4000000e+01   7.4805748e+01
   1.3900000e+00   7.4000000e+01   7.5928629e+01
   1.3950000e+00   7.4000000e+01   7.3648229e+01
   1.4000000e+00   7.4000000e+01   7.2075570e+01
   1.4050000e+00   7.4000000e+01   7.4214313e+01
   1.4100000e+00   7.4066667e+01   7.6279528e+01
   1.4150000e+00   7.4133333e+01   7.4326913e+01
   1.4200000e+00   7.4200000e+01   7.2038963e+01
   1.4250000e+00   7.4266667e+01   7.4705079e+01
   1.4300000e+00   7.4400000e+01   7.6149957e+01
   1.4350000e+00   7.4533333e+01   7.5746535e+01
   1.4400000e+00   7.4666667e+01   7.3260474e+01
   1.4450000e+00   7.4800000e+01   7.3830052e+01
   1.4500000e+00   7.4933333e+01   7.6455747e+01
   1.4550000e+00   7.5066667e+01   7.6731762e+01
   1.4600000e+00   7.5200000e+01   7.2945050e+01
   1.4650000e+00   7.5333333e+01   7.3838333e+01
   1.4700000e+00   7.5466667e+01   7.6584269e+01
   1.4750000e+00   7.5600000e+01   7.7632783e+01
   1.4800000e+00   7.5666667e+01   7.4428979e+01
   1.4850000e+00   7.5666667e+01   7.3065243e+01
   1.4900000e+00   7.5666667e+01   7.4657044e+01
   1.4950000e+00   7.5666667e+01   7.7888250e+01
   1.5000000e+00   7.5666667e+01   7.6109371e+01
   1.5050000e+00   7.5600000e+01   7.3427010e+01
   1.5100000e+00   7.5533333e+01   7.6438652e+01
   1.5150000e+00   7.5466667e+01   7.7116569e+01
   1.5200000e+00   7.5400000e+01   7.5531954e+01
   1.5250000e+00   7.5333333e+01   7.3486894e+01
   1.5300000e+00   7.5266667e+01   7.4204319e+01
   1.5350000e+00   7.5200000e+01   7.7070461e+01
   1.5400000e+00   7.5133333e+01   7.6520211e+01
   1.5450000e+00   7.5066667e+01   7.3454860e+01
   1.5500000e+00   7.5000000e+01   7.2566594e+01
   1.5550000e+00   7.5066667e+01   7.5798868e+01
   1.5600000e+00   7.5133333e+01   7.6202117e+01
   1.5650000e+00   7.5200000e+01   7.4871130e+01
   1.5700000e+00   7.5266667e+01   7.3206129e+01
   1.5750000e+00   7.5333333e+01   7.4694816e+01
   1.5800000e+00   7.5400000e+01   7.7637563e+01
   1.5850000e+00   7.5466667e+01   7.5130848e+01
   1.5900000e+00   7.5533333e+01   7.4305051e+01
   1.5950000e+00   7.5600000e+01   7.5197888e+01
   1.6000000e+00   7.5666667e+01   7.7746969e+01
   1.6050000e+00   7.5733333e+01   7.6175622e+01
   1.6100000e+00   7.5800000e+01   7.4217537e+01
   1.6150000e+00   7.5866667e+01   7.4704141e+01
   1.6200000e+00   7.5933333e+01   7.7529110e+01
   1.6250000e+00   7.6000000e+01   7.7203417e+01
   1.6300000e+00   7.6000000e+01   7.4980899e+01
   1.6350000e+00   7.6000000e+01   7.3073247e+01
   1.6400000e+00   7.6000000e+01   7.7001440e+01
   1.6450000e+00   7.6000000e+01   7.8449934e+01
   1.6500000e+00   7.6000000e+01   7.5255967e+01
   1.6550000e+00   7.6000000e+01   7.4296698e+01
   1.6600000e+00   7.6000000e+01   7.5933804e+01
   1.6650000e+00   7.6000000e+01   7.8045835e+01
   1.6700000e+00   7.6066667e+01   7.5951722e+01
   1.6750000e+00   7.6133333e+01   7.4702418e+01
   1.6800000e+00   7.6200000e+01   7.5862572e+01
   1.6850000e+00   7.6266667e+01   7.8859828e+01
   1.6900000e+00   7.6333333e+01   7.7135116e+01
   1.6950000e+00   7.6400000e+01   7.4621449e+01
   1.7000000e+00   7.6466667e+01   7.5361446e+01
   1.7050000e+00   7.6533333e+01   7.8831183e+01
   1.7100000e+00   7.6600000e+01   7.6854443e+01
   1.7150000e+00   7.6666667e+01   7.4518099e+01
   1.7200000e+00   7.6733333e+01   7.5759038e+01
   1.7250000e+00   7.6800000e+01   7.8611087e+01
   1.7300000e+00   7.6800000e+01   7.8579942e+01
   1.7350000e+00   7.6800000e+01   7.6951296e+01
   1.7400000e+00   7.6800000e+01   7.5860527e+01
   1.7450000e+00   7.6733333e+01   7.7108395e+01
   1.7500000e+00   7.6666667e+01   7.8471925e+01
   1.7550000e+00   7.6533333e+01   7.6491213e+01
   1.7600000e+00   7.6333333e+01   7.4314488e+01
   1.7650000e+00   7.6133333e+01   7.5986097e+01
   1.7700000e+00   7.5866667e+01   7.7545176e+01
   1.7750000e+00   7.5600000e+01   7.7523172e+01
   1.7800000e+00   7.5266667e+01   7.3469768e+01
   1.7850000e+00   7.4933333e+01   7.3396793e+01
   1.7900000e+00   7.4533333e+01   7.6277991e+01
   1.7950000e+00   7.4066667e+01   7.5586342e+01
   1.8000000e+00   7.3600000e+01   7.2699349e+01
   1.8050000e+00   7.3133333e+01   7.0354796e+01
   1.8100000e+00   7.2666667e+01   7.3475148e+01
   1.8150000e+00   7.2200000e+01   7.3215640e+01
   1.8200000e+00   7.1733333e+01   7.1389570e+01
   1.8250000e+00   7.1266667e+01   6.9579616e+01
   1.8300000e+00   7.0866667e+01   7.1638001e+01
   1.8350000e+00   7.0533333e+01   7.2922300e+01
   1.8400000e+00   7.0200000e+01   7.0607929e+01
   1.8450000e+00   6.9933333e+01   6.8319543e+01
   1.8500000e+00   6.9666667e+01   6.8946993e+01
   1.8550000e+00   6.9533333e+01   7.1362486e+01
   1.8600000e+00   6.9400000e+01   7.0881927e+01
   1.8650000e+00   6.9333333e+01   6.8136598e+01
   1.8700000e+00   6.9400000e+01   6.7987423e+01
   1.8750000e+00   6.9466667e+01   6.9932460e+01
   1.8800000e+00   6.9600000e+01   6.9956460e+01
   1.8850000e+00   6.9800000e+01   6.7824675e+01
   1.8900000e+00   7.0000000e+01   6.7655758e+01
   1.8950000e+00   7.0200000e+01   7.1223435e+01
   1.9000000e+00   7.0466667e+01   7.1932064e+01
   1.9050000e+00   7.0733333e+01   7.0236121e+01
   1.9100000e+00   7.1066667e+01   6.9356636e+01
   1.9150000e+00   7.1400000e+01   7.0853572e+01
   1.9200000e+00   7.1733333e+01   7.3228510e+01
   1.9250000e+00   7.2066667e+01   7.2023234e+01
   1.9300000e+00   7.2333333e+01   6.9967202e+01
   1.9350000e+00   7.2600000e+01   7.1746761e+01
   1.9400000e+00   7.2866667e+01   7.5074621e+01
   1.9450000e+00   7.3066667e+01   7.3783183e+01
   1.9500000e+00   7.3266667e+01   7.1994404e+01
   1.9550000e+00   7.3466667e+01   7.2385374e+01
   1.9600000e+00   7.3533333e+01   7.5043236e+01
   1.9650000e+00   7.3600000e+01   7.5607648e+01
   1.9700000e+00   7.3600000e+01   7.3529884e+01
   1.9750000e+00   7.3533333e+01   7.2459081e+01
   1.9800000e+00   7.3466667e+01   7.3483354e+01
   1.9850000e+00   7.3333333e+01   7.5555829e+01
   1.9900000e+00   7.3200000e+01   7.2228655e+01
   1.9950000e+00   7.3000000e+01   6.9931743e+01
   2.0000000e+00   7.2800000e+01   7.2110506e+01
   2.0050000e+00   7.2600000e+01   7.3575397e+01
   2.0100000e+00   7.2400000e+01   7.2193211e+01
   2.0150000e+00   7.2200000e+01   7.0954094e+01
   2.0200000e+00   7.1933333e+01   7.0950905e+01
   2.0250000e+00   7.1666667e+01   7.4792176e+01
   2.0300000e+00   7.1400000e+01   7.2621461e+01
   2.0350000e+00   7.1200000e+01   7.0068005e+01
   2.0400000e+00   7.1000000e+01   6.9637816e+01
   2.0450000e+00   7.0866667e+01   7.2131241e+01
   2.0500000e+00   7.0666667e+01   7.1913746e+01
   2.0550000e+00   7.0466667e+01   6.9502040e+01
   2.0600000e+00   7.0266667e+01   6.7735263e+01
   2.0650000e+00   7.0066667e+01   7.0352807e+01
   2.0700000e+00   6.9933333e+01   7.1414800e+01
   2.0750000e+00   6.9800000e+01   6.9488767e+01
   2.0800000e+00   6.9666667e+01   6.8436367e+01
   2.0850000e+00   6.9533333e+01   7.0534966e+01
   2.0900000e+00   6.9400000e+01   7.0529809e+01
   2.0950000e+00   6.9333333e+01   6.9954768e+01
   2.1000000e+00   6.9266667e+01   6.6982673e+01
   2.1050000e+00   6.9200000e+01   6.7785869e+01
   2.1100000e+00   6.9133333e+01   7.0839632e+01
   2.1150000e+00   6.9066667e+01   6.9866732e+01
   2.1200000e+00   6.9000000e+01   6.7449063e+01
   2.1250000e+00   6.8933333e+01   6.7959268e+01
   2.1300000e+00   6.8866667e+01   6.9640870e+01
   2.1350000e+00   6.8800000e+01   7.0401720e+01
   2.1400000e+00   6.8666667e+01   6.6951558e+01
   2.1450000e+00   6.8533333e+01   6.6535799e+01
   2.1500000e+00   6.8400000e+01   6.9520415e+01
   2.1550000e+00   6.8266667e+01   6.9292102e+01
   2.1600000e+00   6.8133333e+01   6.8126058e+01
   2.1650000e+00   6.8000000e+01   6.5402785e+01
   2.1700000e+00   6.7866667e+01   6.7922545e+01
   2.1750000e+00   6.7733333e+01   6.9502976e+01
   2.1800000e+00   6.7600000e+01   6.7989066e+01
   2.1850000e+00   6.7466667e+01   6.4865964e+01
   2.1900000e+00   6.7266667e+01   6.5946211e+01
   2.1950000e+00   6.7066667e+01   6.8649593e+01
   2.2000000e+00   6.6933333e+01   6.8171119e+01
   2.2050000e+00   6.6800000e+01   6.5163206e+01
   2.2100000e+00   6.6666667e+01   6.4912521e+01
   2.2150000e+00   6.6600000e+01   6.8399598e+01
   2.2200000e+00   6.6533333e+01   6.8223679e+01
   2.2250000e+00   6.6466667e+01   6.5112090e+01
   2.2300000e+00   6.6400000e+01   6.4182596e+01
   2.2350000e+00   6.6333333e+01   6.6823042e+01
   2.2400000e+00   6.6333333e+01   6.8805957e+01
   2.2450000e+00   6.6333333e+01   6.5838431e+01
   2.2500000e+00   6.6333333e+01   6.4682484e+01
   2.2550000e+00   6.6466667e+01   6.6477125e+01
   2.2600000e+00   6.6600000e+01   6.8200466e+01
   2.2650000e+00   6.6866667e+01   6.6982518e+01
   2.2700000e+00   6.7133333e+01   6.5367688e+01
   2.2750000e+00   6.7466667e+01   6.6456351e+01
   2.2800000e+00   6.7800000e+01   6.9044740e+01
   2.2850000e+00   6.8200000e+01   6.9084816e+01
   2.2900000e+00   6.8600000e+01   6.7416003e+01
   2.2950000e+00   6.9066667e+01   6.7913667e+01
   2.3000000e+00   6.9533333e+01   7.0482626e+01
   2.3050000e+00   7.0000000e+01   7.2117901e+01
   2.3100000e+00   7.0466667e+01   6.9396197e+01
   2.3150000e+00   7.0866667e+01   6.8946774e+01
   2.3200000e+00   7.1266667e+01   7.2288753e+01
   2.3250000e+00   7.1666667e+01   7.3284820e+01
   2.3300000e+00   7.1866667e+01   7.0684185e+01
   2.3350000e+00   7.2066667e+01   6.9342890e+01
   2.3400000e+00   7.2200000e+01   7.2028767e+01
   2.3450000e+00   7.2266667e+01   7.4084837e+01
   2.3500000e+00   7.2200000e+01   7.4101656e+01
   2.3550000e+00   7.2133333e+01   6.9632134e+01
   2.3600000e+00   7.2000000e+01   7.0942826e+01
   2.3650000e+00   7.1800000e+01   7.3409099e+01
   2.3700000e+00   7.1533333e+01   7.2033697e+01
   2.3750000e+00   7.1200000e+01   7.0306712e+01
   2.3800000e+00   7.0866667e+01   6.9690219e+01
   2.3850000e+00   7.0533333e+01   7.2369465e+01
   2.3900000e+00   7.0200000e+01   7.2370284e+01
   2.3950000e+00   6.9866667e+01   6.7316875e+01
   2.4000000e+00   6.9533333e+01   6.7052296e+01
   2.4050000e+00   6.9266667e+01   6.9938734e+01
   2.4100000e+00   6.9066667e+01   7.0633951e+01
   2.4150000e+00   6.8866667e+01   6.8857136e+01
   2.4200000e+00   6.8733333e+01   6.6625414e+01
   2.4250000e+00   6.8666667e+01   6.8179735e+01
   2.4300000e+00   6.8666667e+01   7.0711127e+01
   2.4350000e+00   6.8666667e+01   6.9623671e+01
   2.4400000e+00   6.8733333e+01   6.7400616e+01
   2.4450000e+00   6.8866667e+01   6.7366116e+01
   2.4500000e+00   6.9000000e+01   7.0324903e+01
   2.4550000e+00   6.9066667e+01   6.9948773e+01
   2.4600000e+00   6.9066667e+01   6.8135718e+01
   2.4650000e+00   6.9066667e+01   6.8237845e+01
   2.4700000e+00   6.9133333e+01   7.0722946e+01
   2.4750000e+00   6.9266667e+01   7.1734756e+01
   2.4800000e+00   6.9400000e+01   6.8703357e+01
   2.4850000e+00   6.9533333e+01   6.7123361e+01
   2.4900000e+00   6.9666667e+01   7.0341495e+01
   2.4950000e+00   6.9800000e+01   7.2658658e+01
